(kicad_pcb (version 20171130) (host pcbnew 5.1.10)

  (general
    (thickness 1.6)
    (drawings 12)
    (tracks 560)
    (zones 0)
    (modules 101)
    (nets 119)
  )

  (page A4)
  (title_block
    (title "Valve Controller")
    (date 2021-12-27)
    (rev 1.0)
    (company "Sun Devil Rocketry")
    (comment 1 "Author: Colton Acosta")
  )

  (layers
    (0 F.Cu signal)
    (1 In1.Cu signal)
    (2 In2.Cu signal)
    (31 B.Cu signal)
    (32 B.Adhes user)
    (33 F.Adhes user)
    (34 B.Paste user)
    (35 F.Paste user)
    (36 B.SilkS user)
    (37 F.SilkS user)
    (38 B.Mask user)
    (39 F.Mask user)
    (40 Dwgs.User user)
    (41 Cmts.User user)
    (42 Eco1.User user)
    (43 Eco2.User user)
    (44 Edge.Cuts user)
    (45 Margin user)
    (46 B.CrtYd user)
    (47 F.CrtYd user)
    (48 B.Fab user)
    (49 F.Fab user hide)
  )

  (setup
    (last_trace_width 0.508)
    (user_trace_width 0.254)
    (user_trace_width 0.508)
    (user_trace_width 0.762)
    (trace_clearance 0.2)
    (zone_clearance 0.508)
    (zone_45_only no)
    (trace_min 0.2)
    (via_size 0.8)
    (via_drill 0.4)
    (via_min_size 0.4)
    (via_min_drill 0.3)
    (user_via 0.4826 0.30226)
    (user_via 1.016 0.635)
    (uvia_size 0.3)
    (uvia_drill 0.1)
    (uvias_allowed no)
    (uvia_min_size 0.2)
    (uvia_min_drill 0.1)
    (edge_width 0.05)
    (segment_width 0.2)
    (pcb_text_width 0.3)
    (pcb_text_size 1.5 1.5)
    (mod_edge_width 0.12)
    (mod_text_size 1 1)
    (mod_text_width 0.15)
    (pad_size 1.524 1.524)
    (pad_drill 0.762)
    (pad_to_mask_clearance 0)
    (aux_axis_origin 0 0)
    (visible_elements FFFFFF7F)
    (pcbplotparams
      (layerselection 0x010fc_ffffffff)
      (usegerberextensions false)
      (usegerberattributes true)
      (usegerberadvancedattributes true)
      (creategerberjobfile true)
      (excludeedgelayer true)
      (linewidth 0.100000)
      (plotframeref false)
      (viasonmask false)
      (mode 1)
      (useauxorigin false)
      (hpglpennumber 1)
      (hpglpenspeed 20)
      (hpglpendiameter 15.000000)
      (psnegative false)
      (psa4output false)
      (plotreference true)
      (plotvalue true)
      (plotinvisibletext false)
      (padsonsilk false)
      (subtractmaskfromsilk false)
      (outputformat 1)
      (mirror false)
      (drillshape 1)
      (scaleselection 1)
      (outputdirectory ""))
  )

  (net 0 "")
  (net 1 "Net-(B1-Pad2)")
  (net 2 "Net-(B1-Pad4)")
  (net 3 Earth)
  (net 4 NRST)
  (net 5 3.3V)
  (net 6 5V)
  (net 7 "Net-(C16-Pad1)")
  (net 8 "Net-(C16-Pad2)")
  (net 9 "Net-(C17-Pad2)")
  (net 10 "Net-(C17-Pad1)")
  (net 11 "Net-(C18-Pad1)")
  (net 12 "Net-(C18-Pad2)")
  (net 13 "Net-(C19-Pad2)")
  (net 14 "Net-(C19-Pad1)")
  (net 15 "Net-(C20-Pad2)")
  (net 16 "Net-(C20-Pad1)")
  (net 17 "Net-(C21-Pad1)")
  (net 18 "Net-(C21-Pad2)")
  (net 19 "Net-(D1-Pad1)")
  (net 20 "Net-(D2-Pad2)")
  (net 21 "Net-(D2-Pad1)")
  (net 22 STATUS)
  (net 23 "Net-(D3-Pad1)")
  (net 24 EXECPT)
  (net 25 "Net-(D4-Pad1)")
  (net 26 "Net-(F1-Pad2)")
  (net 27 AC_HOT)
  (net 28 "Net-(J1-Pad2)")
  (net 29 "Net-(J2-Pad2)")
  (net 30 AC_NEUTRAL)
  (net 31 "Net-(K1-Pad5)")
  (net 32 "Net-(K1-Pad4)")
  (net 33 "Net-(K1-Pad3)")
  (net 34 SOL1)
  (net 35 "Net-(K1-Pad1)")
  (net 36 "Net-(K2-Pad5)")
  (net 37 "Net-(K2-Pad4)")
  (net 38 "Net-(K2-Pad3)")
  (net 39 SOL2)
  (net 40 "Net-(K2-Pad1)")
  (net 41 "Net-(K3-Pad1)")
  (net 42 SOL3)
  (net 43 "Net-(K3-Pad3)")
  (net 44 "Net-(K3-Pad4)")
  (net 45 "Net-(K3-Pad5)")
  (net 46 "Net-(K4-Pad5)")
  (net 47 "Net-(K4-Pad4)")
  (net 48 "Net-(K4-Pad3)")
  (net 49 SOL5)
  (net 50 "Net-(K4-Pad1)")
  (net 51 "Net-(K5-Pad1)")
  (net 52 SOL6)
  (net 53 "Net-(K5-Pad3)")
  (net 54 "Net-(K5-Pad4)")
  (net 55 "Net-(K5-Pad5)")
  (net 56 "Net-(K6-Pad1)")
  (net 57 SOL4)
  (net 58 "Net-(K6-Pad3)")
  (net 59 "Net-(K6-Pad4)")
  (net 60 "Net-(K6-Pad5)")
  (net 61 "Net-(P1-Pad19)")
  (net 62 "Net-(P1-Pad17)")
  (net 63 "Net-(P1-Pad13)")
  (net 64 SWCLK)
  (net 65 SWDIO)
  (net 66 TX)
  (net 67 RX)
  (net 68 "Net-(P3-Pad3)")
  (net 69 "Net-(P4-Pad3)")
  (net 70 "Net-(P5-Pad3)")
  (net 71 "Net-(P6-Pad3)")
  (net 72 "Net-(P7-Pad3)")
  (net 73 "Net-(P8-Pad3)")
  (net 74 ~SBV1_EN)
  (net 75 ~SBV1_DIR)
  (net 76 /SBV1_PUL5)
  (net 77 "Net-(P11-Pad4)")
  (net 78 "Net-(P11-Pad2)")
  (net 79 /SBV2_PUL5)
  (net 80 ~SBV2_DIR)
  (net 81 ~SBV2_EN)
  (net 82 "Net-(P13-Pad2)")
  (net 83 "Net-(P13-Pad4)")
  (net 84 PG1)
  (net 85 PG2)
  (net 86 "Net-(P16-Pad1)")
  (net 87 "Net-(P16-Pad2)")
  (net 88 ENCD1_A)
  (net 89 ENCD2_A)
  (net 90 ENCD1_B)
  (net 91 ENCD2_B)
  (net 92 VAC_MON)
  (net 93 "Net-(U1-Pad61)")
  (net 94 "Net-(U1-Pad60)")
  (net 95 "Net-(U1-Pad59)")
  (net 96 "Net-(U1-Pad58)")
  (net 97 "Net-(U1-Pad57)")
  (net 98 "Net-(U1-Pad44)")
  (net 99 SBV2_PUL)
  (net 100 SBV1_PUL)
  (net 101 "Net-(U1-Pad35)")
  (net 102 "Net-(U1-Pad30)")
  (net 103 "Net-(U1-Pad29)")
  (net 104 "Net-(U1-Pad28)")
  (net 105 "Net-(U1-Pad27)")
  (net 106 "Net-(U1-Pad26)")
  (net 107 "Net-(U1-Pad19)")
  (net 108 "Net-(U1-Pad18)")
  (net 109 "Net-(U1-Pad17)")
  (net 110 "Net-(U1-Pad16)")
  (net 111 "Net-(U1-Pad15)")
  (net 112 "Net-(U1-Pad14)")
  (net 113 "Net-(U1-Pad10)")
  (net 114 "Net-(U1-Pad7)")
  (net 115 "Net-(U1-Pad4)")
  (net 116 "Net-(U1-Pad3)")
  (net 117 "Net-(U1-Pad2)")
  (net 118 "Net-(U1-Pad1)")

  (net_class Default "This is the default net class."
    (clearance 0.2)
    (trace_width 0.25)
    (via_dia 0.8)
    (via_drill 0.4)
    (uvia_dia 0.3)
    (uvia_drill 0.1)
    (add_net /SBV1_PUL5)
    (add_net /SBV2_PUL5)
    (add_net 3.3V)
    (add_net 5V)
    (add_net AC_HOT)
    (add_net AC_NEUTRAL)
    (add_net ENCD1_A)
    (add_net ENCD1_B)
    (add_net ENCD2_A)
    (add_net ENCD2_B)
    (add_net EXECPT)
    (add_net Earth)
    (add_net NRST)
    (add_net "Net-(B1-Pad2)")
    (add_net "Net-(B1-Pad4)")
    (add_net "Net-(C16-Pad1)")
    (add_net "Net-(C16-Pad2)")
    (add_net "Net-(C17-Pad1)")
    (add_net "Net-(C17-Pad2)")
    (add_net "Net-(C18-Pad1)")
    (add_net "Net-(C18-Pad2)")
    (add_net "Net-(C19-Pad1)")
    (add_net "Net-(C19-Pad2)")
    (add_net "Net-(C20-Pad1)")
    (add_net "Net-(C20-Pad2)")
    (add_net "Net-(C21-Pad1)")
    (add_net "Net-(C21-Pad2)")
    (add_net "Net-(D1-Pad1)")
    (add_net "Net-(D2-Pad1)")
    (add_net "Net-(D2-Pad2)")
    (add_net "Net-(D3-Pad1)")
    (add_net "Net-(D4-Pad1)")
    (add_net "Net-(F1-Pad2)")
    (add_net "Net-(J1-Pad2)")
    (add_net "Net-(J2-Pad2)")
    (add_net "Net-(K1-Pad1)")
    (add_net "Net-(K1-Pad3)")
    (add_net "Net-(K1-Pad4)")
    (add_net "Net-(K1-Pad5)")
    (add_net "Net-(K2-Pad1)")
    (add_net "Net-(K2-Pad3)")
    (add_net "Net-(K2-Pad4)")
    (add_net "Net-(K2-Pad5)")
    (add_net "Net-(K3-Pad1)")
    (add_net "Net-(K3-Pad3)")
    (add_net "Net-(K3-Pad4)")
    (add_net "Net-(K3-Pad5)")
    (add_net "Net-(K4-Pad1)")
    (add_net "Net-(K4-Pad3)")
    (add_net "Net-(K4-Pad4)")
    (add_net "Net-(K4-Pad5)")
    (add_net "Net-(K5-Pad1)")
    (add_net "Net-(K5-Pad3)")
    (add_net "Net-(K5-Pad4)")
    (add_net "Net-(K5-Pad5)")
    (add_net "Net-(K6-Pad1)")
    (add_net "Net-(K6-Pad3)")
    (add_net "Net-(K6-Pad4)")
    (add_net "Net-(K6-Pad5)")
    (add_net "Net-(P1-Pad13)")
    (add_net "Net-(P1-Pad17)")
    (add_net "Net-(P1-Pad19)")
    (add_net "Net-(P11-Pad2)")
    (add_net "Net-(P11-Pad4)")
    (add_net "Net-(P13-Pad2)")
    (add_net "Net-(P13-Pad4)")
    (add_net "Net-(P16-Pad1)")
    (add_net "Net-(P16-Pad2)")
    (add_net "Net-(P3-Pad3)")
    (add_net "Net-(P4-Pad3)")
    (add_net "Net-(P5-Pad3)")
    (add_net "Net-(P6-Pad3)")
    (add_net "Net-(P7-Pad3)")
    (add_net "Net-(P8-Pad3)")
    (add_net "Net-(U1-Pad1)")
    (add_net "Net-(U1-Pad10)")
    (add_net "Net-(U1-Pad14)")
    (add_net "Net-(U1-Pad15)")
    (add_net "Net-(U1-Pad16)")
    (add_net "Net-(U1-Pad17)")
    (add_net "Net-(U1-Pad18)")
    (add_net "Net-(U1-Pad19)")
    (add_net "Net-(U1-Pad2)")
    (add_net "Net-(U1-Pad26)")
    (add_net "Net-(U1-Pad27)")
    (add_net "Net-(U1-Pad28)")
    (add_net "Net-(U1-Pad29)")
    (add_net "Net-(U1-Pad3)")
    (add_net "Net-(U1-Pad30)")
    (add_net "Net-(U1-Pad35)")
    (add_net "Net-(U1-Pad4)")
    (add_net "Net-(U1-Pad44)")
    (add_net "Net-(U1-Pad57)")
    (add_net "Net-(U1-Pad58)")
    (add_net "Net-(U1-Pad59)")
    (add_net "Net-(U1-Pad60)")
    (add_net "Net-(U1-Pad61)")
    (add_net "Net-(U1-Pad7)")
    (add_net PG1)
    (add_net PG2)
    (add_net RX)
    (add_net SBV1_PUL)
    (add_net SBV2_PUL)
    (add_net SOL1)
    (add_net SOL2)
    (add_net SOL3)
    (add_net SOL4)
    (add_net SOL5)
    (add_net SOL6)
    (add_net STATUS)
    (add_net SWCLK)
    (add_net SWDIO)
    (add_net TX)
    (add_net VAC_MON)
    (add_net ~SBV1_DIR)
    (add_net ~SBV1_EN)
    (add_net ~SBV2_DIR)
    (add_net ~SBV2_EN)
  )

  (module L0005-Valve-Controller:353130360 (layer F.Cu) (tedit 61C4FAC3) (tstamp 61CA8DFC)
    (at 133.604 122.428 180)
    (path /624AA92C/624EB148)
    (fp_text reference P3 (at -9.525 2.667) (layer F.SilkS)
      (effects (font (size 1 1) (thickness 0.15)))
    )
    (fp_text value 647676-3 (at -0.2032 5.9944) (layer F.Fab)
      (effects (font (size 1 1) (thickness 0.15)))
    )
    (fp_line (start -7.57 5) (end -7.57 -2.7) (layer F.SilkS) (width 0.12))
    (fp_line (start 7.57 5) (end -7.57 5) (layer F.SilkS) (width 0.12))
    (fp_line (start 7.57 -2.7) (end 7.57 5) (layer F.SilkS) (width 0.12))
    (fp_line (start -7.57 -2.71) (end 7.57 -2.71) (layer F.SilkS) (width 0.12))
    (pad 3 thru_hole circle (at 3.96 0 180) (size 2.5 2.5) (drill 1.8) (layers *.Cu *.Mask)
      (net 68 "Net-(P3-Pad3)"))
    (pad 1 thru_hole circle (at -3.96 0 180) (size 2.5 2.5) (drill 1.8) (layers *.Cu *.Mask)
      (net 8 "Net-(C16-Pad2)"))
    (pad 2 thru_hole circle (at 0 0 180) (size 2.5 2.5) (drill 1.8) (layers *.Cu *.Mask)
      (net 27 AC_HOT))
    (model /home/olsport/Documents/SDR/PCB/L0005-Valve-Controller/CAD/3Dfiles/353130360.stp
      (offset (xyz 0 -1 5))
      (scale (xyz 1 1 1))
      (rotate (xyz -90 0 180))
    )
  )

  (module L0005-Valve-Controller:PV275K4032R2 (layer F.Cu) (tedit 61BE1DB7) (tstamp 61CA913D)
    (at 72.38238 96.52 90)
    (path /624AA92C/625BD785)
    (fp_text reference RV5 (at -6.604 4.83362 180) (layer F.SilkS)
      (effects (font (size 1 1) (thickness 0.15)))
    )
    (fp_text value 275V (at 0.5588 6.4008 90) (layer F.SilkS) hide
      (effects (font (size 1 1) (thickness 0.15)))
    )
    (fp_circle (center -4.4285 0) (end -4.4285 0) (layer F.Fab) (width 0.1))
    (fp_circle (center -5.1905 0) (end -5.1905 0) (layer F.Fab) (width 0.1))
    (fp_line (start 5.6096 4.2545) (end -5.6096 4.2545) (layer F.CrtYd) (width 0.05))
    (fp_line (start 5.6096 -4.2545) (end 5.6096 4.2545) (layer F.CrtYd) (width 0.05))
    (fp_line (start -5.6096 -4.2545) (end 5.6096 -4.2545) (layer F.CrtYd) (width 0.05))
    (fp_line (start -5.6096 4.2545) (end -5.6096 -4.2545) (layer F.CrtYd) (width 0.05))
    (fp_line (start 5.1308 -1.85674) (end 5.1308 -4.1275) (layer F.SilkS) (width 0.12))
    (fp_line (start -5.1308 1.85674) (end -5.1308 4.1275) (layer F.SilkS) (width 0.12))
    (fp_line (start -5.0038 -4.0005) (end -5.0038 4.0005) (layer F.Fab) (width 0.1))
    (fp_line (start 5.0038 -4.0005) (end -5.0038 -4.0005) (layer F.Fab) (width 0.1))
    (fp_line (start 5.0038 4.0005) (end 5.0038 -4.0005) (layer F.Fab) (width 0.1))
    (fp_line (start -5.0038 4.0005) (end 5.0038 4.0005) (layer F.Fab) (width 0.1))
    (fp_line (start -5.1308 -4.1275) (end -5.1308 -1.85674) (layer F.SilkS) (width 0.12))
    (fp_line (start 5.1308 -4.1275) (end -5.1308 -4.1275) (layer F.SilkS) (width 0.12))
    (fp_line (start 5.1308 4.1275) (end 5.1308 1.85674) (layer F.SilkS) (width 0.12))
    (fp_line (start -5.1308 4.1275) (end 5.1308 4.1275) (layer F.SilkS) (width 0.12))
    (fp_line (start -5.0038 2.00025) (end -3.00355 4.0005) (layer F.Fab) (width 0.1))
    (fp_line (start -5.0038 -2.00025) (end -3.00355 -4.0005) (layer F.Fab) (width 0.1))
    (fp_line (start 5 -1.4986) (end 5.0038 -1.4986) (layer F.Fab) (width 0.1))
    (fp_line (start 5 1.4986) (end 5 -1.4986) (layer F.Fab) (width 0.1))
    (fp_line (start 5.0038 1.4986) (end 5 1.4986) (layer F.Fab) (width 0.1))
    (fp_line (start 5.0038 -1.4986) (end 5.0038 1.4986) (layer F.Fab) (width 0.1))
    (fp_line (start -5 1.4986) (end -5.0038 1.4986) (layer F.Fab) (width 0.1))
    (fp_line (start -5 -1.4986) (end -5 1.4986) (layer F.Fab) (width 0.1))
    (fp_line (start -5.0038 -1.4986) (end -5 -1.4986) (layer F.Fab) (width 0.1))
    (fp_line (start -5.0038 1.4986) (end -5.0038 -1.4986) (layer F.Fab) (width 0.1))
    (pad 1 smd rect (at -4.4285 0 90) (size 1.8542 3.048) (layers F.Cu F.Paste F.Mask)
      (net 15 "Net-(C20-Pad2)"))
    (pad 2 smd rect (at 4.4285 0 90) (size 1.8542 3.048) (layers F.Cu F.Paste F.Mask)
      (net 30 AC_NEUTRAL))
    (model /home/olsport/Documents/SDR/PCB/L0005-Valve-Controller/CAD/3Dfiles/VP3225K401R250.step
      (offset (xyz -4.1148 -3.4798 0.381))
      (scale (xyz 1 1 1))
      (rotate (xyz -90 0 0))
    )
  )

  (module L0005-Valve-Controller:RELAY_AQH0223AX (layer F.Cu) (tedit 61BE0815) (tstamp 61CA8D2B)
    (at 116.30152 111.45012 180)
    (path /624AA92C/624B39EF)
    (fp_text reference K1 (at -1.825 6.29412) (layer F.SilkS)
      (effects (font (size 1 1) (thickness 0.15)))
    )
    (fp_text value AQH0223AX (at 4.525 6.135) (layer F.Fab)
      (effects (font (size 1 1) (thickness 0.15)))
    )
    (fp_line (start -3.2 4.89) (end -3.2 -4.89) (layer F.Fab) (width 0.127))
    (fp_line (start -3.2 -4.89) (end 3.2 -4.89) (layer F.Fab) (width 0.127))
    (fp_line (start 3.2 -4.89) (end 3.2 4.89) (layer F.Fab) (width 0.127))
    (fp_line (start 3.2 4.89) (end -3.2 4.89) (layer F.Fab) (width 0.127))
    (fp_line (start -3.2 -4.89) (end 3.2 -4.89) (layer F.SilkS) (width 0.127))
    (fp_line (start 3.2 4.89) (end -3.2 4.89) (layer F.SilkS) (width 0.127))
    (fp_line (start -5.35 -5.14) (end 5.35 -5.14) (layer F.CrtYd) (width 0.05))
    (fp_line (start 5.35 -5.14) (end 5.35 5.14) (layer F.CrtYd) (width 0.05))
    (fp_line (start 5.35 5.14) (end -5.35 5.14) (layer F.CrtYd) (width 0.05))
    (fp_line (start -5.35 5.14) (end -5.35 -5.14) (layer F.CrtYd) (width 0.05))
    (fp_circle (center -5.75 -4.15) (end -5.65 -4.15) (layer F.SilkS) (width 0.2))
    (fp_circle (center -5.75 -4.15) (end -5.65 -4.15) (layer F.Fab) (width 0.2))
    (pad 8 smd rect (at 4.15 -3.81 180) (size 1.9 1.5) (layers F.Cu F.Paste F.Mask)
      (net 8 "Net-(C16-Pad2)"))
    (pad 6 smd rect (at 4.15 1.27 180) (size 1.9 1.5) (layers F.Cu F.Paste F.Mask)
      (net 30 AC_NEUTRAL))
    (pad 5 smd rect (at 4.15 3.81 180) (size 1.9 1.5) (layers F.Cu F.Paste F.Mask)
      (net 31 "Net-(K1-Pad5)"))
    (pad 4 smd rect (at -4.15 3.81 180) (size 1.9 1.5) (layers F.Cu F.Paste F.Mask)
      (net 32 "Net-(K1-Pad4)"))
    (pad 3 smd rect (at -4.15 1.27 180) (size 1.9 1.5) (layers F.Cu F.Paste F.Mask)
      (net 33 "Net-(K1-Pad3)"))
    (pad 2 smd rect (at -4.15 -1.27 180) (size 1.9 1.5) (layers F.Cu F.Paste F.Mask)
      (net 34 SOL1))
    (pad 1 smd rect (at -4.15 -3.81 180) (size 1.9 1.5) (layers F.Cu F.Paste F.Mask)
      (net 35 "Net-(K1-Pad1)"))
    (model /home/olsport/Documents/SDR/PCB/L0005-Valve-Controller/CAD/3Dfiles/AQH0223AX.step
      (at (xyz 0 0 0))
      (scale (xyz 1 1 1))
      (rotate (xyz 0 0 0))
    )
  )

  (module L0005-Valve-Controller:PTS647SM38SMTR2LFS (layer F.Cu) (tedit 61C615E0) (tstamp 61CA8A65)
    (at 123.6472 89.48928 180)
    (path /62045C3C)
    (fp_text reference B1 (at -1.31826 3.3655) (layer F.SilkS)
      (effects (font (size 1 1) (thickness 0.15)))
    )
    (fp_text value PTS647SM38SMTR2LFS (at 0.0508 4.2164) (layer F.SilkS) hide
      (effects (font (size 1 1) (thickness 0.15)))
    )
    (fp_line (start -1.669914 2.3749) (end 1.669914 2.3749) (layer F.SilkS) (width 0.12))
    (fp_line (start 2.3749 0.771959) (end 2.3749 -0.771959) (layer F.SilkS) (width 0.12))
    (fp_line (start 1.669914 -2.3749) (end -1.669914 -2.3749) (layer F.SilkS) (width 0.12))
    (fp_line (start -2.3749 -0.771959) (end -2.3749 0.771959) (layer F.SilkS) (width 0.12))
    (fp_line (start -2.2479 2.2479) (end 2.2479 2.2479) (layer F.Fab) (width 0.1))
    (fp_line (start 2.2479 2.2479) (end 2.2479 -2.2479) (layer F.Fab) (width 0.1))
    (fp_line (start 2.2479 -2.2479) (end -2.2479 -2.2479) (layer F.Fab) (width 0.1))
    (fp_line (start -2.2479 -2.2479) (end -2.2479 2.2479) (layer F.Fab) (width 0.1))
    (fp_line (start -3.6537 2.349301) (end -3.6537 -2.349301) (layer F.CrtYd) (width 0.05))
    (fp_line (start -3.6537 -2.349301) (end -2.5019 -2.349301) (layer F.CrtYd) (width 0.05))
    (fp_line (start -2.5019 -2.349301) (end -2.5019 -2.5019) (layer F.CrtYd) (width 0.05))
    (fp_line (start -2.5019 -2.5019) (end 2.5019 -2.5019) (layer F.CrtYd) (width 0.05))
    (fp_line (start 2.5019 -2.5019) (end 2.5019 -2.349301) (layer F.CrtYd) (width 0.05))
    (fp_line (start 2.5019 -2.349301) (end 3.6537 -2.349301) (layer F.CrtYd) (width 0.05))
    (fp_line (start 3.6537 -2.349301) (end 3.6537 2.349301) (layer F.CrtYd) (width 0.05))
    (fp_line (start 3.6537 2.349301) (end 2.5019 2.349301) (layer F.CrtYd) (width 0.05))
    (fp_line (start 2.5019 2.349301) (end 2.5019 2.5019) (layer F.CrtYd) (width 0.05))
    (fp_line (start 2.5019 2.5019) (end -2.5019 2.5019) (layer F.CrtYd) (width 0.05))
    (fp_line (start -2.5019 2.5019) (end -2.5019 2.349301) (layer F.CrtYd) (width 0.05))
    (fp_line (start -2.5019 2.349301) (end -3.6537 2.349301) (layer F.CrtYd) (width 0.05))
    (fp_circle (center -1.9939 -1.600001) (end -1.9939 -1.600001) (layer F.Fab) (width 0.1))
    (fp_arc (start 0 -2.2479) (end 0.3048 -2.2479) (angle 180) (layer F.Fab) (width 0.1))
    (pad 2 smd rect (at 2.7 -1.599999 180) (size 1.7 0.9906) (layers F.Cu F.Paste F.Mask)
      (net 1 "Net-(B1-Pad2)"))
    (pad 4 smd rect (at 2.7 1.599999 180) (size 1.7 0.9906) (layers F.Cu F.Paste F.Mask)
      (net 2 "Net-(B1-Pad4)"))
    (pad 3 smd rect (at -2.7 1.599999 180) (size 1.7 0.9906) (layers F.Cu F.Paste F.Mask)
      (net 3 Earth))
    (pad 1 smd rect (at -2.7 -1.599999 180) (size 1.7 0.9906) (layers F.Cu F.Paste F.Mask)
      (net 4 NRST))
    (model /home/olsport/Documents/SDR/PCB/Liquids-Engine-Controller/CAD/3Dfiles/SW_PTS647SM38SMTR2LFS_CNK.step
      (at (xyz 0 0 0))
      (scale (xyz 1 1 1))
      (rotate (xyz 0 0 0))
    )
  )

  (module L0005-Valve-Controller:CAP_0603 (layer F.Cu) (tedit 61775327) (tstamp 61CA8A75)
    (at 132.85216 107.3404 90)
    (descr <b>CAPACITOR</b>)
    (path /61CBC450)
    (fp_text reference C1 (at -2.36728 0.16764 180) (layer F.SilkS)
      (effects (font (size 0.8 0.8) (thickness 0.0762)))
    )
    (fp_text value 0.1uF (at 0.0254 1.2192 90) (layer F.Fab)
      (effects (font (size 0.473139 0.473139) (thickness 0.0762)))
    )
    (fp_line (start -0.15 0.45) (end 0.15 0.45) (layer F.SilkS) (width 0.127))
    (fp_line (start -0.15 -0.45) (end 0.15 -0.45) (layer F.SilkS) (width 0.127))
    (fp_poly (pts (xy 0.330881 -0.4801) (xy 0.8303 -0.4801) (xy 0.8303 0.470869) (xy 0.330881 0.470869)) (layer F.Fab) (width 0.01))
    (fp_poly (pts (xy -0.838606 -0.4801) (xy -0.3381 -0.4801) (xy -0.3381 0.470129) (xy -0.838606 0.470129)) (layer F.Fab) (width 0.01))
    (fp_line (start -0.356 0.419) (end 0.356 0.419) (layer F.Fab) (width 0.1016))
    (fp_line (start -0.356 -0.432) (end 0.356 -0.432) (layer F.Fab) (width 0.1016))
    (fp_line (start -1.673 0.783) (end -1.673 -0.783) (layer F.CrtYd) (width 0.0508))
    (fp_line (start 1.673 0.783) (end -1.673 0.783) (layer F.CrtYd) (width 0.0508))
    (fp_line (start 1.673 -0.783) (end 1.673 0.783) (layer F.CrtYd) (width 0.0508))
    (fp_line (start -1.673 -0.783) (end 1.673 -0.783) (layer F.CrtYd) (width 0.0508))
    (pad 2 smd rect (at 0.85 0 90) (size 1.1 1) (layers F.Cu F.Paste F.Mask)
      (net 5 3.3V))
    (pad 1 smd rect (at -0.85 0 90) (size 1.1 1) (layers F.Cu F.Paste F.Mask)
      (net 3 Earth))
    (model /home/olsport/Documents/SDR/PCB/Liquids-Engine-Controller/CAD/3Dfiles/CAP_CL10_SAM.step
      (at (xyz 0 0 0))
      (scale (xyz 1 1 1))
      (rotate (xyz 0 0 0))
    )
  )

  (module L0005-Valve-Controller:CAP_0603 (layer F.Cu) (tedit 61775327) (tstamp 61CA8A85)
    (at 123.01728 94.70136)
    (descr <b>CAPACITOR</b>)
    (path /61C7BCE1)
    (fp_text reference C2 (at -2.36728 0.80264) (layer F.SilkS)
      (effects (font (size 0.8 0.8) (thickness 0.0762)))
    )
    (fp_text value 0.1uF (at 0.0254 1.2192) (layer F.Fab)
      (effects (font (size 0.473139 0.473139) (thickness 0.0762)))
    )
    (fp_line (start -0.15 0.45) (end 0.15 0.45) (layer F.SilkS) (width 0.127))
    (fp_line (start -0.15 -0.45) (end 0.15 -0.45) (layer F.SilkS) (width 0.127))
    (fp_poly (pts (xy 0.330881 -0.4801) (xy 0.8303 -0.4801) (xy 0.8303 0.470869) (xy 0.330881 0.470869)) (layer F.Fab) (width 0.01))
    (fp_poly (pts (xy -0.838606 -0.4801) (xy -0.3381 -0.4801) (xy -0.3381 0.470129) (xy -0.838606 0.470129)) (layer F.Fab) (width 0.01))
    (fp_line (start -0.356 0.419) (end 0.356 0.419) (layer F.Fab) (width 0.1016))
    (fp_line (start -0.356 -0.432) (end 0.356 -0.432) (layer F.Fab) (width 0.1016))
    (fp_line (start -1.673 0.783) (end -1.673 -0.783) (layer F.CrtYd) (width 0.0508))
    (fp_line (start 1.673 0.783) (end -1.673 0.783) (layer F.CrtYd) (width 0.0508))
    (fp_line (start 1.673 -0.783) (end 1.673 0.783) (layer F.CrtYd) (width 0.0508))
    (fp_line (start -1.673 -0.783) (end 1.673 -0.783) (layer F.CrtYd) (width 0.0508))
    (pad 2 smd rect (at 0.85 0) (size 1.1 1) (layers F.Cu F.Paste F.Mask)
      (net 5 3.3V))
    (pad 1 smd rect (at -0.85 0) (size 1.1 1) (layers F.Cu F.Paste F.Mask)
      (net 3 Earth))
    (model /home/olsport/Documents/SDR/PCB/Liquids-Engine-Controller/CAD/3Dfiles/CAP_CL10_SAM.step
      (at (xyz 0 0 0))
      (scale (xyz 1 1 1))
      (rotate (xyz 0 0 0))
    )
  )

  (module L0005-Valve-Controller:CAP_0603 (layer F.Cu) (tedit 61775327) (tstamp 61CA8A95)
    (at 134.69112 107.3658 90)
    (descr <b>CAPACITOR</b>)
    (path /61D110DD)
    (fp_text reference C3 (at -0.05588 1.66624 180) (layer F.SilkS)
      (effects (font (size 0.8 0.8) (thickness 0.0762)))
    )
    (fp_text value 10uF (at 0.0254 1.2192 90) (layer F.Fab)
      (effects (font (size 0.473139 0.473139) (thickness 0.0762)))
    )
    (fp_line (start -1.673 -0.783) (end 1.673 -0.783) (layer F.CrtYd) (width 0.0508))
    (fp_line (start 1.673 -0.783) (end 1.673 0.783) (layer F.CrtYd) (width 0.0508))
    (fp_line (start 1.673 0.783) (end -1.673 0.783) (layer F.CrtYd) (width 0.0508))
    (fp_line (start -1.673 0.783) (end -1.673 -0.783) (layer F.CrtYd) (width 0.0508))
    (fp_line (start -0.356 -0.432) (end 0.356 -0.432) (layer F.Fab) (width 0.1016))
    (fp_line (start -0.356 0.419) (end 0.356 0.419) (layer F.Fab) (width 0.1016))
    (fp_poly (pts (xy -0.838606 -0.4801) (xy -0.3381 -0.4801) (xy -0.3381 0.470129) (xy -0.838606 0.470129)) (layer F.Fab) (width 0.01))
    (fp_poly (pts (xy 0.330881 -0.4801) (xy 0.8303 -0.4801) (xy 0.8303 0.470869) (xy 0.330881 0.470869)) (layer F.Fab) (width 0.01))
    (fp_line (start -0.15 -0.45) (end 0.15 -0.45) (layer F.SilkS) (width 0.127))
    (fp_line (start -0.15 0.45) (end 0.15 0.45) (layer F.SilkS) (width 0.127))
    (pad 1 smd rect (at -0.85 0 90) (size 1.1 1) (layers F.Cu F.Paste F.Mask)
      (net 3 Earth))
    (pad 2 smd rect (at 0.85 0 90) (size 1.1 1) (layers F.Cu F.Paste F.Mask)
      (net 5 3.3V))
    (model /home/olsport/Documents/SDR/PCB/Liquids-Engine-Controller/CAD/3Dfiles/CAP_CL10_SAM.step
      (at (xyz 0 0 0))
      (scale (xyz 1 1 1))
      (rotate (xyz 0 0 0))
    )
  )

  (module L0005-Valve-Controller:CAP_0603 (layer F.Cu) (tedit 61775327) (tstamp 61CA8AA5)
    (at 142.00632 103.6574 180)
    (descr <b>CAPACITOR</b>)
    (path /61CBC465)
    (fp_text reference C4 (at -3.23088 -0.09144) (layer F.SilkS)
      (effects (font (size 0.8 0.8) (thickness 0.0762)))
    )
    (fp_text value 10nF (at 0.0254 1.2192) (layer F.Fab)
      (effects (font (size 0.473139 0.473139) (thickness 0.0762)))
    )
    (fp_line (start -1.673 -0.783) (end 1.673 -0.783) (layer F.CrtYd) (width 0.0508))
    (fp_line (start 1.673 -0.783) (end 1.673 0.783) (layer F.CrtYd) (width 0.0508))
    (fp_line (start 1.673 0.783) (end -1.673 0.783) (layer F.CrtYd) (width 0.0508))
    (fp_line (start -1.673 0.783) (end -1.673 -0.783) (layer F.CrtYd) (width 0.0508))
    (fp_line (start -0.356 -0.432) (end 0.356 -0.432) (layer F.Fab) (width 0.1016))
    (fp_line (start -0.356 0.419) (end 0.356 0.419) (layer F.Fab) (width 0.1016))
    (fp_poly (pts (xy -0.838606 -0.4801) (xy -0.3381 -0.4801) (xy -0.3381 0.470129) (xy -0.838606 0.470129)) (layer F.Fab) (width 0.01))
    (fp_poly (pts (xy 0.330881 -0.4801) (xy 0.8303 -0.4801) (xy 0.8303 0.470869) (xy 0.330881 0.470869)) (layer F.Fab) (width 0.01))
    (fp_line (start -0.15 -0.45) (end 0.15 -0.45) (layer F.SilkS) (width 0.127))
    (fp_line (start -0.15 0.45) (end 0.15 0.45) (layer F.SilkS) (width 0.127))
    (pad 1 smd rect (at -0.85 0 180) (size 1.1 1) (layers F.Cu F.Paste F.Mask)
      (net 3 Earth))
    (pad 2 smd rect (at 0.85 0 180) (size 1.1 1) (layers F.Cu F.Paste F.Mask)
      (net 5 3.3V))
    (model /home/olsport/Documents/SDR/PCB/Liquids-Engine-Controller/CAD/3Dfiles/CAP_CL10_SAM.step
      (at (xyz 0 0 0))
      (scale (xyz 1 1 1))
      (rotate (xyz 0 0 0))
    )
  )

  (module L0005-Valve-Controller:CAP_0603 (layer F.Cu) (tedit 61775327) (tstamp 61CA8AB5)
    (at 123.59132 96.44888)
    (descr <b>CAPACITOR</b>)
    (path /61C7CDD0)
    (fp_text reference C5 (at -2.56032 0.45212) (layer F.SilkS)
      (effects (font (size 0.8 0.8) (thickness 0.0762)))
    )
    (fp_text value 10nF (at 0.0254 1.2192) (layer F.Fab)
      (effects (font (size 0.473139 0.473139) (thickness 0.0762)))
    )
    (fp_line (start -1.673 -0.783) (end 1.673 -0.783) (layer F.CrtYd) (width 0.0508))
    (fp_line (start 1.673 -0.783) (end 1.673 0.783) (layer F.CrtYd) (width 0.0508))
    (fp_line (start 1.673 0.783) (end -1.673 0.783) (layer F.CrtYd) (width 0.0508))
    (fp_line (start -1.673 0.783) (end -1.673 -0.783) (layer F.CrtYd) (width 0.0508))
    (fp_line (start -0.356 -0.432) (end 0.356 -0.432) (layer F.Fab) (width 0.1016))
    (fp_line (start -0.356 0.419) (end 0.356 0.419) (layer F.Fab) (width 0.1016))
    (fp_poly (pts (xy -0.838606 -0.4801) (xy -0.3381 -0.4801) (xy -0.3381 0.470129) (xy -0.838606 0.470129)) (layer F.Fab) (width 0.01))
    (fp_poly (pts (xy 0.330881 -0.4801) (xy 0.8303 -0.4801) (xy 0.8303 0.470869) (xy 0.330881 0.470869)) (layer F.Fab) (width 0.01))
    (fp_line (start -0.15 -0.45) (end 0.15 -0.45) (layer F.SilkS) (width 0.127))
    (fp_line (start -0.15 0.45) (end 0.15 0.45) (layer F.SilkS) (width 0.127))
    (pad 1 smd rect (at -0.85 0) (size 1.1 1) (layers F.Cu F.Paste F.Mask)
      (net 3 Earth))
    (pad 2 smd rect (at 0.85 0) (size 1.1 1) (layers F.Cu F.Paste F.Mask)
      (net 5 3.3V))
    (model /home/olsport/Documents/SDR/PCB/Liquids-Engine-Controller/CAD/3Dfiles/CAP_CL10_SAM.step
      (at (xyz 0 0 0))
      (scale (xyz 1 1 1))
      (rotate (xyz 0 0 0))
    )
  )

  (module L0005-Valve-Controller:CAP_0603 (layer F.Cu) (tedit 61775327) (tstamp 61CA8AC5)
    (at 123.56084 98.298)
    (descr <b>CAPACITOR</b>)
    (path /61D0D984)
    (fp_text reference C6 (at 0.13716 1.397) (layer F.SilkS)
      (effects (font (size 0.8 0.8) (thickness 0.0762)))
    )
    (fp_text value 0.1uF (at 0.0254 1.2192) (layer F.Fab)
      (effects (font (size 0.473139 0.473139) (thickness 0.0762)))
    )
    (fp_line (start -0.15 0.45) (end 0.15 0.45) (layer F.SilkS) (width 0.127))
    (fp_line (start -0.15 -0.45) (end 0.15 -0.45) (layer F.SilkS) (width 0.127))
    (fp_poly (pts (xy 0.330881 -0.4801) (xy 0.8303 -0.4801) (xy 0.8303 0.470869) (xy 0.330881 0.470869)) (layer F.Fab) (width 0.01))
    (fp_poly (pts (xy -0.838606 -0.4801) (xy -0.3381 -0.4801) (xy -0.3381 0.470129) (xy -0.838606 0.470129)) (layer F.Fab) (width 0.01))
    (fp_line (start -0.356 0.419) (end 0.356 0.419) (layer F.Fab) (width 0.1016))
    (fp_line (start -0.356 -0.432) (end 0.356 -0.432) (layer F.Fab) (width 0.1016))
    (fp_line (start -1.673 0.783) (end -1.673 -0.783) (layer F.CrtYd) (width 0.0508))
    (fp_line (start 1.673 0.783) (end -1.673 0.783) (layer F.CrtYd) (width 0.0508))
    (fp_line (start 1.673 -0.783) (end 1.673 0.783) (layer F.CrtYd) (width 0.0508))
    (fp_line (start -1.673 -0.783) (end 1.673 -0.783) (layer F.CrtYd) (width 0.0508))
    (pad 2 smd rect (at 0.85 0) (size 1.1 1) (layers F.Cu F.Paste F.Mask)
      (net 5 3.3V))
    (pad 1 smd rect (at -0.85 0) (size 1.1 1) (layers F.Cu F.Paste F.Mask)
      (net 3 Earth))
    (model /home/olsport/Documents/SDR/PCB/Liquids-Engine-Controller/CAD/3Dfiles/CAP_CL10_SAM.step
      (at (xyz 0 0 0))
      (scale (xyz 1 1 1))
      (rotate (xyz 0 0 0))
    )
  )

  (module L0005-Valve-Controller:CAP_0603 (layer F.Cu) (tedit 61775327) (tstamp 61CA8AD5)
    (at 133.21792 89.34196 270)
    (descr <b>CAPACITOR</b>)
    (path /61CF1DF3)
    (fp_text reference C7 (at -1.3208 -1.70688 180) (layer F.SilkS)
      (effects (font (size 0.8 0.8) (thickness 0.0762)))
    )
    (fp_text value 0.1uF (at 0.0254 1.2192 90) (layer F.Fab)
      (effects (font (size 0.473139 0.473139) (thickness 0.0762)))
    )
    (fp_line (start -1.673 -0.783) (end 1.673 -0.783) (layer F.CrtYd) (width 0.0508))
    (fp_line (start 1.673 -0.783) (end 1.673 0.783) (layer F.CrtYd) (width 0.0508))
    (fp_line (start 1.673 0.783) (end -1.673 0.783) (layer F.CrtYd) (width 0.0508))
    (fp_line (start -1.673 0.783) (end -1.673 -0.783) (layer F.CrtYd) (width 0.0508))
    (fp_line (start -0.356 -0.432) (end 0.356 -0.432) (layer F.Fab) (width 0.1016))
    (fp_line (start -0.356 0.419) (end 0.356 0.419) (layer F.Fab) (width 0.1016))
    (fp_poly (pts (xy -0.838606 -0.4801) (xy -0.3381 -0.4801) (xy -0.3381 0.470129) (xy -0.838606 0.470129)) (layer F.Fab) (width 0.01))
    (fp_poly (pts (xy 0.330881 -0.4801) (xy 0.8303 -0.4801) (xy 0.8303 0.470869) (xy 0.330881 0.470869)) (layer F.Fab) (width 0.01))
    (fp_line (start -0.15 -0.45) (end 0.15 -0.45) (layer F.SilkS) (width 0.127))
    (fp_line (start -0.15 0.45) (end 0.15 0.45) (layer F.SilkS) (width 0.127))
    (pad 1 smd rect (at -0.85 0 270) (size 1.1 1) (layers F.Cu F.Paste F.Mask)
      (net 3 Earth))
    (pad 2 smd rect (at 0.85 0 270) (size 1.1 1) (layers F.Cu F.Paste F.Mask)
      (net 5 3.3V))
    (model /home/olsport/Documents/SDR/PCB/Liquids-Engine-Controller/CAD/3Dfiles/CAP_CL10_SAM.step
      (at (xyz 0 0 0))
      (scale (xyz 1 1 1))
      (rotate (xyz 0 0 0))
    )
  )

  (module L0005-Valve-Controller:CAP_0603 (layer F.Cu) (tedit 61775327) (tstamp 61CA8AE5)
    (at 142.0368 101.90988 180)
    (descr <b>CAPACITOR</b>)
    (path /61D0C74A)
    (fp_text reference C8 (at -2.89052 0.26416) (layer F.SilkS)
      (effects (font (size 0.8 0.8) (thickness 0.0762)))
    )
    (fp_text value 0.1uF (at 0.0254 1.2192) (layer F.Fab)
      (effects (font (size 0.473139 0.473139) (thickness 0.0762)))
    )
    (fp_line (start -1.673 -0.783) (end 1.673 -0.783) (layer F.CrtYd) (width 0.0508))
    (fp_line (start 1.673 -0.783) (end 1.673 0.783) (layer F.CrtYd) (width 0.0508))
    (fp_line (start 1.673 0.783) (end -1.673 0.783) (layer F.CrtYd) (width 0.0508))
    (fp_line (start -1.673 0.783) (end -1.673 -0.783) (layer F.CrtYd) (width 0.0508))
    (fp_line (start -0.356 -0.432) (end 0.356 -0.432) (layer F.Fab) (width 0.1016))
    (fp_line (start -0.356 0.419) (end 0.356 0.419) (layer F.Fab) (width 0.1016))
    (fp_poly (pts (xy -0.838606 -0.4801) (xy -0.3381 -0.4801) (xy -0.3381 0.470129) (xy -0.838606 0.470129)) (layer F.Fab) (width 0.01))
    (fp_poly (pts (xy 0.330881 -0.4801) (xy 0.8303 -0.4801) (xy 0.8303 0.470869) (xy 0.330881 0.470869)) (layer F.Fab) (width 0.01))
    (fp_line (start -0.15 -0.45) (end 0.15 -0.45) (layer F.SilkS) (width 0.127))
    (fp_line (start -0.15 0.45) (end 0.15 0.45) (layer F.SilkS) (width 0.127))
    (pad 1 smd rect (at -0.85 0 180) (size 1.1 1) (layers F.Cu F.Paste F.Mask)
      (net 3 Earth))
    (pad 2 smd rect (at 0.85 0 180) (size 1.1 1) (layers F.Cu F.Paste F.Mask)
      (net 5 3.3V))
    (model /home/olsport/Documents/SDR/PCB/Liquids-Engine-Controller/CAD/3Dfiles/CAP_CL10_SAM.step
      (at (xyz 0 0 0))
      (scale (xyz 1 1 1))
      (rotate (xyz 0 0 0))
    )
  )

  (module L0005-Valve-Controller:CAP_0603 (layer F.Cu) (tedit 61775327) (tstamp 61CA8AF5)
    (at 139.7635 105.791 180)
    (descr <b>CAPACITOR</b>)
    (path /61CF93FC)
    (fp_text reference C9 (at -2.90576 0.03556) (layer F.SilkS)
      (effects (font (size 0.8 0.8) (thickness 0.0762)))
    )
    (fp_text value 10uF (at 0.0254 1.2192) (layer F.Fab)
      (effects (font (size 0.473139 0.473139) (thickness 0.0762)))
    )
    (fp_line (start -0.15 0.45) (end 0.15 0.45) (layer F.SilkS) (width 0.127))
    (fp_line (start -0.15 -0.45) (end 0.15 -0.45) (layer F.SilkS) (width 0.127))
    (fp_poly (pts (xy 0.330881 -0.4801) (xy 0.8303 -0.4801) (xy 0.8303 0.470869) (xy 0.330881 0.470869)) (layer F.Fab) (width 0.01))
    (fp_poly (pts (xy -0.838606 -0.4801) (xy -0.3381 -0.4801) (xy -0.3381 0.470129) (xy -0.838606 0.470129)) (layer F.Fab) (width 0.01))
    (fp_line (start -0.356 0.419) (end 0.356 0.419) (layer F.Fab) (width 0.1016))
    (fp_line (start -0.356 -0.432) (end 0.356 -0.432) (layer F.Fab) (width 0.1016))
    (fp_line (start -1.673 0.783) (end -1.673 -0.783) (layer F.CrtYd) (width 0.0508))
    (fp_line (start 1.673 0.783) (end -1.673 0.783) (layer F.CrtYd) (width 0.0508))
    (fp_line (start 1.673 -0.783) (end 1.673 0.783) (layer F.CrtYd) (width 0.0508))
    (fp_line (start -1.673 -0.783) (end 1.673 -0.783) (layer F.CrtYd) (width 0.0508))
    (pad 2 smd rect (at 0.85 0 180) (size 1.1 1) (layers F.Cu F.Paste F.Mask)
      (net 5 3.3V))
    (pad 1 smd rect (at -0.85 0 180) (size 1.1 1) (layers F.Cu F.Paste F.Mask)
      (net 3 Earth))
    (model /home/olsport/Documents/SDR/PCB/Liquids-Engine-Controller/CAD/3Dfiles/CAP_CL10_SAM.step
      (at (xyz 0 0 0))
      (scale (xyz 1 1 1))
      (rotate (xyz 0 0 0))
    )
  )

  (module L0005-Valve-Controller:CAP_0603 (layer F.Cu) (tedit 61775327) (tstamp 61CA8B05)
    (at 129.0828 107.35056 90)
    (descr <b>CAPACITOR</b>)
    (path /61CC2826)
    (fp_text reference C10 (at 1.24968 -1.98628 180) (layer F.SilkS)
      (effects (font (size 0.8 0.8) (thickness 0.0762)))
    )
    (fp_text value 0.1uF (at 0.0254 1.2192 90) (layer F.Fab)
      (effects (font (size 0.473139 0.473139) (thickness 0.0762)))
    )
    (fp_line (start -0.15 0.45) (end 0.15 0.45) (layer F.SilkS) (width 0.127))
    (fp_line (start -0.15 -0.45) (end 0.15 -0.45) (layer F.SilkS) (width 0.127))
    (fp_poly (pts (xy 0.330881 -0.4801) (xy 0.8303 -0.4801) (xy 0.8303 0.470869) (xy 0.330881 0.470869)) (layer F.Fab) (width 0.01))
    (fp_poly (pts (xy -0.838606 -0.4801) (xy -0.3381 -0.4801) (xy -0.3381 0.470129) (xy -0.838606 0.470129)) (layer F.Fab) (width 0.01))
    (fp_line (start -0.356 0.419) (end 0.356 0.419) (layer F.Fab) (width 0.1016))
    (fp_line (start -0.356 -0.432) (end 0.356 -0.432) (layer F.Fab) (width 0.1016))
    (fp_line (start -1.673 0.783) (end -1.673 -0.783) (layer F.CrtYd) (width 0.0508))
    (fp_line (start 1.673 0.783) (end -1.673 0.783) (layer F.CrtYd) (width 0.0508))
    (fp_line (start 1.673 -0.783) (end 1.673 0.783) (layer F.CrtYd) (width 0.0508))
    (fp_line (start -1.673 -0.783) (end 1.673 -0.783) (layer F.CrtYd) (width 0.0508))
    (pad 2 smd rect (at 0.85 0 90) (size 1.1 1) (layers F.Cu F.Paste F.Mask)
      (net 5 3.3V))
    (pad 1 smd rect (at -0.85 0 90) (size 1.1 1) (layers F.Cu F.Paste F.Mask)
      (net 3 Earth))
    (model /home/olsport/Documents/SDR/PCB/Liquids-Engine-Controller/CAD/3Dfiles/CAP_CL10_SAM.step
      (at (xyz 0 0 0))
      (scale (xyz 1 1 1))
      (rotate (xyz 0 0 0))
    )
  )

  (module L0005-Valve-Controller:CAP_0603 (layer F.Cu) (tedit 61775327) (tstamp 61CA8B15)
    (at 130.99796 107.34384 90)
    (descr <b>CAPACITOR</b>)
    (path /61CA87B6)
    (fp_text reference C11 (at -2.37908 -0.08128 180) (layer F.SilkS)
      (effects (font (size 0.8 0.8) (thickness 0.0762)))
    )
    (fp_text value 0.1uF (at 0.0254 1.2192 90) (layer F.Fab)
      (effects (font (size 0.473139 0.473139) (thickness 0.0762)))
    )
    (fp_line (start -0.15 0.45) (end 0.15 0.45) (layer F.SilkS) (width 0.127))
    (fp_line (start -0.15 -0.45) (end 0.15 -0.45) (layer F.SilkS) (width 0.127))
    (fp_poly (pts (xy 0.330881 -0.4801) (xy 0.8303 -0.4801) (xy 0.8303 0.470869) (xy 0.330881 0.470869)) (layer F.Fab) (width 0.01))
    (fp_poly (pts (xy -0.838606 -0.4801) (xy -0.3381 -0.4801) (xy -0.3381 0.470129) (xy -0.838606 0.470129)) (layer F.Fab) (width 0.01))
    (fp_line (start -0.356 0.419) (end 0.356 0.419) (layer F.Fab) (width 0.1016))
    (fp_line (start -0.356 -0.432) (end 0.356 -0.432) (layer F.Fab) (width 0.1016))
    (fp_line (start -1.673 0.783) (end -1.673 -0.783) (layer F.CrtYd) (width 0.0508))
    (fp_line (start 1.673 0.783) (end -1.673 0.783) (layer F.CrtYd) (width 0.0508))
    (fp_line (start 1.673 -0.783) (end 1.673 0.783) (layer F.CrtYd) (width 0.0508))
    (fp_line (start -1.673 -0.783) (end 1.673 -0.783) (layer F.CrtYd) (width 0.0508))
    (pad 2 smd rect (at 0.85 0 90) (size 1.1 1) (layers F.Cu F.Paste F.Mask)
      (net 5 3.3V))
    (pad 1 smd rect (at -0.85 0 90) (size 1.1 1) (layers F.Cu F.Paste F.Mask)
      (net 3 Earth))
    (model /home/olsport/Documents/SDR/PCB/Liquids-Engine-Controller/CAD/3Dfiles/CAP_CL10_SAM.step
      (at (xyz 0 0 0))
      (scale (xyz 1 1 1))
      (rotate (xyz 0 0 0))
    )
  )

  (module L0005-Valve-Controller:CAP_0603 (layer F.Cu) (tedit 61775327) (tstamp 61CA8B25)
    (at 202.70216 119.67972)
    (descr <b>CAPACITOR</b>)
    (path /61CC283B)
    (fp_text reference C12 (at 0 -1.27) (layer F.SilkS)
      (effects (font (size 0.8 0.8) (thickness 0.0762)))
    )
    (fp_text value 10nF (at 0.0254 1.2192) (layer F.Fab)
      (effects (font (size 0.473139 0.473139) (thickness 0.0762)))
    )
    (fp_line (start -1.673 -0.783) (end 1.673 -0.783) (layer F.CrtYd) (width 0.0508))
    (fp_line (start 1.673 -0.783) (end 1.673 0.783) (layer F.CrtYd) (width 0.0508))
    (fp_line (start 1.673 0.783) (end -1.673 0.783) (layer F.CrtYd) (width 0.0508))
    (fp_line (start -1.673 0.783) (end -1.673 -0.783) (layer F.CrtYd) (width 0.0508))
    (fp_line (start -0.356 -0.432) (end 0.356 -0.432) (layer F.Fab) (width 0.1016))
    (fp_line (start -0.356 0.419) (end 0.356 0.419) (layer F.Fab) (width 0.1016))
    (fp_poly (pts (xy -0.838606 -0.4801) (xy -0.3381 -0.4801) (xy -0.3381 0.470129) (xy -0.838606 0.470129)) (layer F.Fab) (width 0.01))
    (fp_poly (pts (xy 0.330881 -0.4801) (xy 0.8303 -0.4801) (xy 0.8303 0.470869) (xy 0.330881 0.470869)) (layer F.Fab) (width 0.01))
    (fp_line (start -0.15 -0.45) (end 0.15 -0.45) (layer F.SilkS) (width 0.127))
    (fp_line (start -0.15 0.45) (end 0.15 0.45) (layer F.SilkS) (width 0.127))
    (pad 1 smd rect (at -0.85 0) (size 1.1 1) (layers F.Cu F.Paste F.Mask)
      (net 3 Earth))
    (pad 2 smd rect (at 0.85 0) (size 1.1 1) (layers F.Cu F.Paste F.Mask)
      (net 5 3.3V))
    (model /home/olsport/Documents/SDR/PCB/Liquids-Engine-Controller/CAD/3Dfiles/CAP_CL10_SAM.step
      (at (xyz 0 0 0))
      (scale (xyz 1 1 1))
      (rotate (xyz 0 0 0))
    )
  )

  (module L0005-Valve-Controller:CAP_0603 (layer F.Cu) (tedit 61775327) (tstamp 61CA8B35)
    (at 131.42468 89.31656 270)
    (descr <b>CAPACITOR</b>)
    (path /61CA87CB)
    (fp_text reference C13 (at -0.21336 2.17932 180) (layer F.SilkS)
      (effects (font (size 0.8 0.8) (thickness 0.0762)))
    )
    (fp_text value 10nF (at 0.0254 1.2192 90) (layer F.Fab)
      (effects (font (size 0.473139 0.473139) (thickness 0.0762)))
    )
    (fp_line (start -1.673 -0.783) (end 1.673 -0.783) (layer F.CrtYd) (width 0.0508))
    (fp_line (start 1.673 -0.783) (end 1.673 0.783) (layer F.CrtYd) (width 0.0508))
